 
10155345
10355873
10441427
11308027
11319748
11928169
11946772
12137963
12175191
12511134
12589335
12639224
12669302
12695234
12918552
12961328
12975045
12979911
12984457
13080130
13158716
13284341
13415658
13415867
13527855
13690131
13792424
13866939
13947093
14113880
14206309
14271690
14290341
14345296
14368167
14371064
14505669
14538969
14563729
14592383
14663959
14670082
14678740
14679721
14725554
14808976
14851717
14853481
14879274
14963364
14993509
14995129
14995134
14995930
15031728
15100607
15100670
15158528
15160584
15168319
15173239
15214540
15264246
15321844
15326045
15329514
15329708
15362736
15403273
15476105
15476778
15607125
15675013
15702518
15716090
15723226
15749177
15759382
15776402
15776469
15778368
15787662
15790787
15832021
15891823
15905320
15942201
15943968
15952519
15955242
15998600
16015277
16036868
16057864
16075457
16098689
16103771
16114427
16143418
16143449
16154806
16156190
16164844
16180298
16192935
16203475
16205720
16206609
16213533
16248394
16304738
16317683
16324258
16324302
16328098
16329529
16337592
16340557
16342034
16352406
16364858
16366416
16375209
16387994
16388001
16388007
16388584
16391606
16393250
16403384
16406709
16416627
16448275
16462271
16477194
16478700
16498381
16541678
16555383
16555420
16556971
16557523
16618503
16626746
16650741
16653480
16656473
16658215
16664411
16665342
16676908
16737994
16739475
16756670
16775952
16788035
16790468
16802279
16802538
16804294
16804316
16804319
16804322
16804889
16812458
16812460
16812533
16812556
16812562
16818666
16824961
16825072
16825317
16825601
16836959
16837779
16839627
16842870
16842937
16849610
16858263
16861173
16866575
16871498
16871902
16877937
16879821
16889890
16907171
16919993
16930246
16930368
16949747
16949811
16958005
16961421
16965842
16999465
17017109
17100995
17104430
17115806
17115829
17118500
17119613
17128911
17129472
17129698
17151920
17154939
17220323
17277965
17283695
17291909
17302262
17306921
17306970
17320176
17351002
17364529
17365681
17369960
17371478
17376712
17386993
17403897
17419169
17422585
17423217
17423738
17423743
17423748
17428476
17448548
17454329
17457916
17460240
17471909
17473728
17480429
17482982
17489704
17498228
17501733
17506395
17519531
17529402
17550986
17555819
17565203
17569357
17578292
17611745
17616226
17622407
17624391
17646796
17654567
17665290
17672093
17679161
17682297
17682339
17689150
17696962
17701112
17701139
17701500
17706506
17715725
17727226
17730004
17730462
17730527
17730532
17736967
17740257
17749024
17749041
17749631
17751084
17762734
17767498
17767511
17791825
17810763
17814353
17827672
17828255
17832454
17834091
17836926
17848732
17852121
17855733
17870811
17884744
17903610
17908976
17912662
17920820
17921661
17938922
17946224
17953269
17964906
17983204
17986511
18000809
18001678
18005749
18011854
18020713
18031730
18040097
18057134
18061556
18062664
18065538
18070038
18071696
18073951
18092723
18096597
18102155
18118340
18156579
18158716
18158952
18161160
18167628
18169281
18171386
18194516
18197984
18198875
18205029
18209539
18230419
18242541
18255019
18258064
18258074
18262493
18263916
18272791
18274940
18275565
18284626
18298315
18298956
18307774
18308067
18310228
18317169
18331642
18335475
18335559
18335560
18335563
18335568
18350562
18354976
18371425
18372425
18383022
18386837
18403647
18408997
18416890
18422740
18434216
18437470
18437677
18451288
18455333
18458867
18462529
18465828
18468956
18482867
18483667
18496348
18499255
18502424
18505090
18510532
18518974
18522756
18524669
18527660
18530383
18534532
18538698
18548235
18563283
18569061
18572709
18572862
18577397
18645695
18649713
18653163
18661292
18665348
18673901
18682007
18696572
18708471
18708579
18712210
18717020
18722132
18726147
18747314
18765774
18766128
18768602
18784664
18799845
18825247
18827304
18843092
18850887
18857951
18861373
18869239
18874865
18875882
18879244
18887400
18891705
18891835
18899346
18900828
18916709
18918443
18918984
18922672
18924438
18924449
18924950
18930117
18930120
18930132
18930430
18930858
18930862
18930864
18930866
18936888
18940628
18944882
18946585
18948126
18949107
18957290
18958126
18959614
18959642
18961563
18963882
18964848
18965837
18965854
18969642
18969719
18974933
18981271
18983473
18987344
18987543
18987973
18989628
18990825
18992261
18994476
18995792
18996605
18997461
19003809
19007841
19008869
19012434
19013812
19013881
19017927
19021100
19022709
19029316
19032617
19039447
19041184
19041497
19042238
19043407
19044159
19048204
19048511
19049943
19053845
19056120
19057214
19061321
19062348
19063594
19066358
19068163
19068770
19070065
19070151
19073940
19075657
19079212
19079400
19079683
19080295
19094113
19123132
19129605
19129628
19133482
19135581
19140838
19144214
19144630
19145592
19145923
19149110
19151064
19154216
19158657
19158963
19164985
19169602
19184397
19191192
19196829
19202147
19203650
19217850
19218803
19220040
19226891
19227784
19229825
19229857
19234436
19239060
19240178
19243509
19244813
19251743
19251765
19262320
19266432
19268117
19272591
19276065
19280431
19313477
19317113
19322406
19324082
19337235
19337239
19349371
19358612
19358630
19358715
19381662
19388038
19389327
19391383
19394305
19399156
19400090
19403737
19407920
19410204
19417844
19419522
19420541
19420561
19420624
19430563
19436262
19436902
19438772
19440363
19442983
19445546
19446403
19448757
19450505
19455875
19463659
19465319
19471070
19472115
19475486
19475495
19476579
19485369
19492756
19493246
19493410
19498144
19500571
19502073
19503214
19505841
19508904
19509039
19510035
19520048
19520743
19530681
19542336
19546882
19565979
19567492
19570207
19570891
19580418
19582962
19583945
19586848
19588486
19588522
19589938
19607291
19607353
19607653
19610642
19613583
19623428
19628179
19629585
19630391
19630805
19637269
19640575
19640995
19642644
19642819
19644012
19644637
19645462
19646205
19648377
19649816
19649825
19651918
19653008
19659236
19660013
19667064
19668880
19674115
19676481
19676630
19679415
19682444
19688150
19693678
19694105
19699716
19700617
19703263
19705808
19710475
19713428
19717197
19718166
19720737
19722607
19730041
19731842
19732726
19735694
19736574
19738562
19740392
19740729
19747208
19750357
19758855
19759922
19760093
19761309
19769829
19773447
19775568
19784624
19785433
19789289
19789833
19791968
19799531
19801392
19804546
19806555
19814075
19815698
19816194
19816370
19816406
19817345
19818901
19819725
19819728
19828175
19829820
19835510
19835869
19836751
19836915
19840048
19840901
19841019
19841763
19856313
19860556
19862244
19863975
19865432
19865517
19866264
19866515
19873802
19877093
19878142
19890394
19891198
19891246
19896142
19897874
19898439
19899207
19899303
19900031
19901042
19903508
19905877
19908878
19910269
19913904
19917568
19918180
19919595
19919860
19920147
19920889
19932189
19934864
19939895
19940355
19940633
19940778
19947595
19948474
19952735
19953219
19953841
19954872
19957079
19957571
19957611
19957861
19961175
19963154
19963295
19963742
19964221
19964259
19965221
19965533
19965734
19966210
19966326
19966355
19966926
19967366
19968647
19968858
19969916
19969928
19969939
19969951
19976840
19977454
19981125
19987274
19989975
19991624
19993190
19993607
19998265
20003839
20009384
20010629
20014181
20018264
20018765
20018827
20018859
20019116
20020364
20021349
20021661
20021691
20021698
20025653
20025778
20025788
20025789
20025800
20025819
20026010
20026154
20026548
20026576
20026579
20027906
20035601
20040129
20040268
20040315
20040326
20041310
20044611
20051710
20053471
20058791
20062784
20071367
20073328
20078031
20078197
20080211
20088309
20095868
20095912
20097074
20097386
20100147
20100261
20101440
20103705
20104958
20109257
20109621
20111928
20114096
20114490
20116253
20120444
20120659
20121514
20123559
20124003
20124112
20124120
20124320
20125607
20126169
20126396
20126691
20127834
20129218
20130488
20132452
20132956
20133091
20133485
20134690
20137149
20137271
20141201
20143212
20144203
20144825
20145568
20146455
20150933
20151410
20151500
20151511
20151546
20151628
20152010
20152068
20152083
20152105
20155237
20160536
20160755
20166944
20176491
20178715
20179312
20182207
20182922
20185709
20185820
20189431
20189821
20191888
20191974
20192624
20194769
20196746
20196897
20197062
20202782
20204916
20208788
20214782
20215912
20219155
20221165
20223034
20225513
20229665
20230382
20233936
20234036
20236600
20236920
20237561
20239915
20239995
20244270
20244449
20246237
20246266
20246500
20247890
20249335
20255476
20255742
20264500
20266912
20278869
20281815
20283223
20287447
20290307
20291464
20291952
20292398
20297778
20299443
20300091
20300092
20300226
20301641
20302151
20303852
20304362
20304793
20305907
20306615
20306671
20306684
20311325
20311363
20311365
20311368
20311459
20315416
20316474
20316996
20318376
20318975
20322152
20324977
20329466
20329470
20330536
20332910
20333090
20335637
20337089
20341420
20342693
20342848
20343134
20344532
20345086
20346879
20347921
20348027
20348143
20348962
20348964
20349015
20349990
20353821
20355460
20362386
20364137
20367924
20374254
20374408
20374493
20375860
20375886
20375944
20375947
20375959
20377691
20379974
20382994
20388892
20390310
20390638
20393249
20393284
20393639
20405534
20405805
20406424
20406702
20407094
20410636
20414554
20415840
20415907
20416548
20419490
20422040
20427837
20428539
20428949
20429531
20431501
20432398
20432453
20432456
20432459
20432732
20432756
20436168
20436196
20436553
20436682
20438079
20438378
20439024
20439434
20439961
20440731
20440864
20443876
20451718
20453038
20453450
20454039
20455156
20462865
20463215
20465505
20467878
20470619
20472329
20474021
20475404
20475642
20480070
20481210
20481211
20481799
20482721
20484403
20486593
20487873
20488451
20490696
20490728
20492315
20495091
20495669
20496494
20497619
20501620
20502725
20505377
20508392
20508683
20508684
20508877
20510936
20511500
20511683
20516448
20517026
20518776
20519100
20520160
20520596
20523984
20524518
20526324
20526694
20527776
20527849
20529908
20530308
20530323
20531317
20532336
20533411
20533469
20533539
20534701
20535899
20535985
20538011
20539136
20544212
20544473
20546009
20547658
20547795
20547834
20547852
20550687
20551488
20554268
20556243
20556258
20556261
20556266
20556426
20556523
20556524
20556528
20556529
20556549
20557700
20557739
20559240
20565242
20565870
20566504
20566725
20566770
20566856
20566857
20567660
20568597
20568692
20568693
20568695
20568734
20569814
20570890
20572008
20572009
20572269
20574120
20574253
20574733
20580649
20583122
20584076
20584555
20589474
20591523
20591765
20592031
20592970
20596994
20597243
20598041
20598043
20598219
20598288
20600289
20600600
20601573
20602533
20604977
20605418
20605420
20605435
20609032
20609266
20609582
20610504
20612801
20615440
20615441
20618768
20619392
20621829
20622427
20622862
20623192
20623381
20623946
20626098
20627066
20628534
20628663
20630017
20630995
20631385
20633459
20634010
20634953
20634978
20635003
20636778
20636905
20637057
20637467
20637919
20638253
20638609
20638718
20638757
20638999
20641731
20646249
20648042
20648806
20649294
20649427
20650531
20651512
20654753
20656018
20656305
20656581
20656712
20657186
20657427
20657537
20657661
20657747
20658070
20659901
20660043
20660670
20661633
20662083
20662914
20662940
20662944
20662946
20662967
20664839
20664940
20664959
20664994
20668959
20670911
20673049
20673093
20678532
20680148
20683296
20685889
20686822
20688214
20688405
20688459
20690432
20690857
20691992
20693081
20694411
20696654
20697636
20698613
20699197
20700198
20701234
20702179
20702235
20703639
20703641
20703647
20703653
20703656
20703658
20703691
20704965
20706533
20707136
20707501
20708189
20708378
20709041
20710376
20710606
20712584
20715292
20716999
20718594
20720034
20720469
20722992
20724680
20724685
20728062
20728533
20728627
20728681
20728821
20729690
20731235
20732370
20732784
20734494
20734548
20735356
20736462
20736853
20737122
20737886
20739396
20739399
20739427
20740184
20741317
20742448
20742452
20743148
20743475
20743476
20744832
20745373
20745636
20746212
20750124
20750134
20750172
20750219
20751057
20751067
20751294
20751371
20751384
20751385
20751572
20751706
20751907
20751914
20752287
20754192
20754953
20755461
20755584
20756404
20756922
20757138
20757435
20757937
20758003
20758055
20758087
20758096
20758296
20758299
20760949
20761269
20762039
20762547
20762594
20762871
20765955
20768385
20770337
20771440
20774195
20774196
20777437
20777943
20779537
20780511
20782520
20783370
20783497
20784323
20784380
20786895
20787971
20790138
20796689
20799461
20800475
20802880
20803223
20803681
20806306
20807164
20810401
20810980
20816127
20816715
20816960
20818392
20821234
20821444
20821604
20821605
20821606
20826262
20827544
20829561
20832755
20833379
20835249
20836428
20836928
20837578
20841765
20842600
20842606
20842607
20842612
20842702
20844148
20844704
20845014
20845457
20845627
20845721
20846103
20846147
20846645
20846666
20847022
20848752
20848935
20850048
20850080
20852012
20852074
20852789
20853703
20853706
20853926
20854226
20854231
20854233
20854241
20857784
20859202
20859547
20861478
20864084
20864359
20864402
20864530
20864588
20865195
20865310
20865937
20867754
20868416
20869791
20871420
20872590
20877948
20878945
20881603
20881925
20882376
20882577
20882788
20883056
20883448
20885379
20889977
20889991
20892029
20892170
20893137
20893451
20894388
20896363
20898959
20900569
20902456
20903512
20903690
20903705
20904164
20905806
20906543
20906606
20906838
20908185
20913565
20913983
20916545
20917304
20919015
20919028
20921317
20921655
20922517
20922611
20922760
20930160
20935610
20940625
20941883
20942223
20942970
20944711
20946657
20946702
20946790
20946864
20946934
20947084
20947112
20949448
20949457
20949462
20950619
20952125
20952226
20952235
20952256
20952590
20952901
20953423
20953983
20954284
20954847
20954962
20956868
20957713
20959726
20963140
20963197
20964376
20964377
20966006
20967099
20968100
20973797
20975533
20976039
20976261
20977197
20977307
20977309
20979128
20979826
20979833
20979944
20981443
20982860
20984182
20984252
20985637
20985899
20988208
20988473
20990763
20990775
20990777
20992045
20993899
20994045
20994056
20994169
20994234
20994492
20994656
20994872
20995292
20995295
20995310
20995316
20995840
20998057
20999590
21000559
21003983
21006874
21006970
21010973
21014172
21014648
21018175
21018724
21018725
21019138
21020577
21021667
21022329
21022429
21023497
21023871
21023914
21024244
21025077
21025956
21026414
21026741
21028309
21028389
21029533
21029668
21029753
21032709
21032799
21033577
21033645
21033682
21033710
21033717
21033723
21035326
21035910
21037860
21038644
21038777
21039230
21039319
21039815
21039848
21039850
21041262
21043039
21044247
21045378
21045844
21046224
21047066
21047395
21050790
21054833
21056113
21057445
21057836
21058579
21059492
21064878
21064888
21071195
21075112
21075299
21075348
21075359
21076033
21076710
21076711
21077915
21079083
21079340
21079369
21079907
21081545
21081897
21083625
21083652
21086354
21088002
21088181
21088644
21090893
21094068
21094071
21098110
21098129
21098252
21098288
21099371
21100278
21100438
21102508
21103639
21104212
21105246
21108940
21109694
21110010
21111367
21116884
21118596
21120778
21124331
21124337
21124629
21125747
21126367
21126380
21126881
21128254
21130227
21130235
21130446
21133203
21133355
21135848
21135973
21137112
21137782
21137786
21137870
21138160
21140039
21140132
21140821
21141859
21142289
21143910
21143962
21144618
21145795
21145797
21147631
21147726
21148011
21148242
21148423
21150145
21154740
21157734
21159326
21159340
21160178
21160807
21160821
21160822
21161288
21163705
21163807
21164079
21164441
21165211
21166085
21166252
21166779
21168122
21168344
21169968
21169987
21170075
21170081
21172045
21172065
21172194
21172554
21174423
21175454
21175860
21176312
21177713
21178174
21178963
21180114
21183347
21183670
21184418
21184450
21184811
21184909
21184939
21186111
21188725
21188809
21189018
21189039
21190662
21191101
21192239
21192578
21194077
21194808
21194811
21198591
21200048
21204654
21205044
21207084
21207307
21207330
21208558
21209468
21210843
21212290
21212434
21215732
21215775
21216073
21217127
21218478
21218512
21219872
21220068
21220077
21220078
21220470
21221127
21221732
21221988
21223454
21223458
21223982
21225203
21225204
21225278
21226106
21226110
21226140
21226831
21226848
21227839
21228188
21229069
21229121
21229614
21231959
21233376
21233963
21233964
21233972
21234728
21234985
21238693
21239940
21240251
21241073
21241080
21241095
21241103
21241337
21241740
21241882
21242664
21242819
21242943
21243865
21245067
21245228
21245596
21246050
21246258
21246705
21249908
21249909
21250256
21252021
21253493
21253642
21254253
21254987
21255343
21257367
21260263
21260319
21260409
21261254
21263283
21268203
21269703
21272540
21273148
21273995
21274667
21274950
21275180
21283331
21284078
21284600
21284935
21285890
21286024
21289093
21289984
21292204
21293316
21293625
21295177
21295221
21297317
21298912
21300417
21300819
21301238
21301783
21301802
21302028
21302909
21303032
21303154
21303630
21305951
21307292
21311675
21312884
21313092
21314432
21314566
21314567
21315772
21315773
21320383
21325496
21328090
21333114
21333567
21333579
21333879
21334209
21334687
21335268
21337193
21338134
21340374
21342233
21342799
21345937
21347342
21348514
21349119
21349235
21349370
21349375
21349496
21349908
21350030
21350449
21350504
21350779
21350921
21351139
21351451
21354191
21355118
21355166
21355461
21355978
21356206
21356334
21356912
21357469
21358278
21358836
21359865
21360103
21360106
21360110
21360522
21361522
21362286
21364352
21365618
21366056
21366178
21368804
21369811
21370174
21370286
21371705
21371748
21371806
21372427
21372457
21372910
21373296
21373435
21373673
21373803
21375444
21375643
21376200
21376512
21376777
21377457
21377622
21379298
21379513
21379578
21381102
21381274
21381857
21382365
21382389
21382390
21382391
21382768
21383445
21383461
21384121
21385326
21385690
21385821
21386457
21386607
21387327
21388458
21388679
21388690
21391238
21391862
21393026
21393275
21393796
21397175
21398350
21400171
21401350
21402208
21404104
21404121
21405112
21406372
21407770
21409318
21409411
21409432
21409815
21409874
21410116
21413197
21414317
21415700
21419039
21419212
21419593
21421867
21422322
21423155
21423400
21423418
21423524
21424096
21424847
21425267
21426107
21429622
21430176
21430863
21433926
21435251
21435256
21435403
21435601
21436036
21438182
21438385
21441399
21443039
21443139
21445458
21445663
21446460
21446750
21446768
21446827
21447121
21447330
21447848
21448434
21448966
21448967
21452858
21452980
21453288
21453399
21453482
21454124
21454125
21454129
21454133
21454902
21454984
21455748
21456855
21457784
21458503
21458804
21458919
21459049
21459158
21460036
21460362
21463640
21464185
21464558
21464957
21465131
21465589
21465957
21466377
21467130
21467796
21468390
21468539
21468546
21468549
21469092
21469108
21469950
21471747
21471770
21472099
21472101
21472103
21475948
21476011
21476097
21476517
21477074
21477415
21477498
21477994
21478006
21478535
21478556
21478728
21478980
21479286
21479298
21479965
21480918
21480960
21480971
21480990
21480991
21481006
21481536
21483901
21485897
21486496
21487982
21488742
21490886
21491519
21491735
21491907
21491924
21491950
21492164
21492237
21492243
21492861
21493100
21494067
21494546
21494839
21495029
21496008
21496715
21496748
21496749
21496817
21497912
21498653
21498891
21499975
21499988
21500052
21500107
21500762
21501367
21501474
21501940
21502600
21502912
21503048
21503415
21503457
21503527
21504164
21504776
21505167
21506759
21507253
21507300
21508092
21509051
21511464
21511914
21512215
21512761
21512912
21513263
21513553
21513945
21514601
21514662
21515326
21515454
21515618
21516561
21517244
21517603
21520002
21520317
21520406
21520510
21520685
21521181
21521358
21521855
21522025
21524429
21526154
21526498
21527658
21528216
21528324
21531151
21531630
21531859
21536241
21536619
21537050
21537107
21537211
21537221
21539396
21539721
21539984
21540011
21540177
21540425
21541091
21541150
21541544
21542698
21542777
21543679
21544580
21544846
21545000
21545511
21545535
21545607
21546837
21547674
21548109
21548146
21548952
21549020
21549906
21550255
21550542
21551023
21551374
21552265
21552267
21552459
21554248
21554754
21555561
21556984
21557022
21557297
21558780
21558887
21559853
21559917
21561077
21561476
21561703
21561722
21562677
21564069
21564292
21564513
21565669
21565820
21566020
21566306
21566410
21566606
21568181
21568688
21568695
21568992
21569160
21569657
21569962
21570172
21570300
21570592
21571054
21571362
21571416
21571947
21572008
21572396
21573130
21574340
21574554
21576015
21577145
21577632
21577636
21577799
21578251
21578315
21579514
21581077
21581869
21582201
21582435
21582608
21583190
21583369
21583558
21584215
21584282
21584353
21584688
21584752
21585746
21585796
21586339
21587591
21588601
21589621
21590193
21590964
21593509
21593628
21594812
21595711
21596693
21597818
21597908
21598297
21599899
21600207
21601058
21601424
21601478
21601995
21602357
21603668
21603954
21604757
21606565
21607943
21608619
21608695
21608745
21609148
21609358
21609760
21611098
21613473
21613522
21614370
21614452
21614614
21614785
21615284
21615604
21616175
21617142
21618475
21619522
21620158
21620468
21621040
21621409
21622146
21622150
21622586
21622750
21623983
21624671
21624728
21625251
21625371
21625542
21626012
21626197
21626401
21627221
21627421
21627758
21628039
21628072
21628156
21628689
21629863
21629915
21630192
21630746
21632658
21633538
21633898
21634704
21635073
21635589
21635674
21635727
21635870
21636077
21637059
21637460
21638217
21638395
21638761
21639602
21640246
21640249
21640259
21640803
21641406
21641447
21642403
21642618
21642630
21642834
21642933
21643376
21644156
21644239
21644351
21644530
21644765
21644776
21644777
21644781
21645073
21646678
21646744
21647645
21650219
21650341
21650586
21650981
21652735
21652868
21652897
21653041
21653082
21654736
21655506
21655656
21655942
21656525
21656944
21657147
21658175
21658678
21658696
21658858
21659386
21659478
21659812
21660550
21661208
21661231
21662182
21662347
21662493
21663284
21664016
21664038
21664140
21664807
21664936
21665184
21665999
21666162
21666827
21667175
21667605
21667674
21667741
21667757
21667768
21668018
21668074
21668313
21670132
21670329
21670519
21670637
21671166
21671564
21672416
21672586
21673669
21674304
21674468
21674497
21674912
21675206
21676455
21676456
21676520
21676600
21676921
21676997
21677364
21677559
21678730
21679600
21680177
21680432
21680865
21681117
21681635
21682102
21682301
21682354
21682375
21682742
21682962
21682969
21683204
21683329
21684608
21684625
21684626
21684719
21685545
21686012
21686169
21686931
21687349
21687692
21688098
21688289
21688322
21689183
21689618
21690697
21691135
21692380
21692485
21692989
21693396
21693871
21694249
21696154
21696270
21696343
21696411
21696525
21696663
21696827
21697322
21698895
21698953
21698981
21699601
21699992
21701132
21701484
21702003
21702123
21702902
21703034
21704758
21705236
21705531
21705582
21705952
21706790
21706807
21706846
21706857
21707123
21707289
21708237
21708392
21708585
21708615
21709078
21709451
21710302
21710471
21710661
21711063
21711682
21711802
21713639
21713675
21713697
21714192
21714428
21714628
21715765
21718297
21718330
21718359
21718509
21718651
21719165
21719336
21719432
21719923
21720500
21720659
21720907
21721216
21721345
21721535
21721832
21721909
21722112
21722320
21722393
21722653
21722664
21723230
21723489
21723490
21723491
21723597
21723696
21723707
21723863
21724257
21724298
21724309
21724840
21725418
21725431
21726531
21726853
21727586
21727929
21728184
21728363
21728419
21729167
21729337
21729969
21729996
21731051
21731713
21731994
21732280
21732445
21732477
21732640
21732661
21732890
21734568
21734658
21734978
21735072
21735943
21736304
21736581
21736634
21737565
21738533
21739138
21739307
21739955
21739957
21739959
21739960
21740363
21740565
21741095
21741246
21741274
21741569
21742356
21742756
21742825
21743937
21744600
21744941
21744966
21745270
21745643
21746029
21746217
21747182
21747858
21748073
21748295
21748795
21748833
21749171
21749294
21749401
21752201
21752403
21752726
21752971
21753453
21754343
21754374
21754724
21754792
21754805
21755390
21755528
21755573
21755589
21756320
21756654
21756886
21757141
21758385
21758995
21759536
21759757
21759991
21760866
21761115
21761407
21761423
21763121
21763195
21763472
21764131
21764132
21764353
21764397
21764683
21764753
21764820
21764984
21765068
21765137
21765178
21765291
21765313
21765345
21765727
21766329
21766334
21766478
21766479
21766482
21766746
21767454
21767456
21767672
21767684
21767780
21768352
21768608
21768665
21769436
21769744
21770363
21770454
21770480
21770536
21770552
21770597
21770798
21770895
21772573
21772620
21772910
21773201
21773374
21773569
21773615
21774314
21774468
21775229
21775494
21777083
21777247
21777764
21777952
21778232
21779382
21779667
21779817
21779901
21780087
21780166
21780167
21780175
21780191
21780198
21780246
21780670
21780972
21781249
21781348
21781550
21781566
21781847
21782092
21782425
21782696
21782948
21783346
21783492
21783615
21784204
21784207
21784375
21784524
21784531
21784681
21784974
21785135
21785480
21785485
21785488
21787049
21787108
21787345
21787670
21788598
21788791
21788964
21789390
21789469
21789560
21789617
21789625
21789848
21790003
21790416
21790441
21791148
21791153
21791448
21791455
21791778
21792072
21792364
21792589
21793199
21793751
21793759
21794193
21794287
21794293
21794454
21794560
21794606
21794785
21794797
21794848
21794909
21794988
21795106
21795155
21795203
21795526
21795859
21796224
21796325
21796506
21796526
21796687
21796807
21797003
21797193
21797257
21797386
21797648
21797985
21797992
21798084
21798107
21798880
21799138
21799178
21799319
21799518
21799532
21799694
21799878
21799885
21800020
21800317
21800774
21801010
21801320
21801406
21801426
21801445
21801779
21802538
21802821
21803265
21803347
21803638
21804578
21805015
21805265
21805372
21805519
21805652
21805829
21805936
21806049
21806553
21806665
21806763
21807315
21807740
21808633
21808745
21809076
21809131
21809189
21810085
21810094
21810159
21810216
21810689
21811127
21811435
21811560
21811681
21811840
21811990
21812473
21812829
21812879
21813039
21813112
21813169
21813379
21814034
21814344
21814865
21815116
21816782
21817000
21817180
21817238
21817523
21818687
21818718
21818792
21819131
21819225
21819247
21819723
21819879
21820234
21820415
21820763
21821477
21821634
21821722
21821820
21821825
21822794
21823154
21823169
21823261
21823738
21824012
21824152
21824174
21824416
21824712
21824735
21824815
21824906
21825310
21825737
21826075
21826220
21826504
21826770
21826778
21826912
21827576
21828552
21829896
21830103
21830801
21831244
21831255
21831372
21831407
21831490
21831632
21831634
21831928
21832007
21832048
21832087
21832273
21833667
21833711
21833889
21834748
21834931
21834998
21835169
21835236
21835548
21836325
21836648
21836861
21837203
21837343
21837441
21837463
21837967
21838277
21838408
21838572
21838635
21839019
21839069
21839585
21839906
21840135
21840199
21840340
21840543
21840821
21840939
21841134
21841427
21841494
21841542
21841546
21841850
21842810
21843563
21843712
21843791
21844001
21844196
21844413
21844715
21844746
21844798
21844806
21845080
21845485
21846011
21846126
21846637
21846801
21846940
21847096
21847320
21847772
21847791
21848821
21848903
21848962
21849065
21849166
21849298
21849481
21849604
21849645
21849977
21850420
21850922
21851471
21851654
21851964
21852011
21852311
21853278
21854196
21854497
21855231
21855361
21855443
21855539
21855978
21856052
21856126
21856223
21856372
21856382
21856451
21856480
21856660
21856798
21856933
21857284
21857496
21857497
21857498
21857499
21857500
21857501
21857502
21857503
21857504
21857505
21857506
21857507
21857513
21857514
21857515
21857516
21857517
21857518
21857519
21857520
21857521
21857522
21857524
21857525
21857527
21857528
21857762
21857891
21858355
21858396
21858419
21858569
21858652
21858730
21858867
21859126
21859238
21859309
21859369
21859612
21859617
21859630
21859758
21859901
21859961
21860329
21860463
21860982
21860985
21861162
21861422
21861485
21861495
21861684
21861827
21861931
21862146
21862663
21862773
21862799
21863064
21863122
21863287
21863510
21863566
21863915
21864421
21864424
21865204
21865205
21865299
21865403
21865406
21865462
21865487
21866223
21866305
21866439
21867034
21867474
21867726
21867728
21867835
21868030
21868526
21868544
21868557
21868660
21868735
21868877
21868902
21869116
21869340
21869692
21870005
21870588
21870709
21870790
21870861
21871797
21871879
21872002
21872101
21872106
21872115
21872265
21872453
21873189
21873197
21873200
21873258
21873442
21873495
21873697
21873698
21874051
21874176
21874460
21874788
21874993
21875025
21875219
21875931
21876066
21876188
21876246
21876262
21876317
21876356
21876631
21876865
21876869
21876945
21877460
21877697
21877752
21877755
21877859
21877876
21877959
21878374
21878812
21878814
21878822
21879256
21879260
21879281
21879572
21879903
21880248
21880434
21880646
21880972
21880991
21881339
21881443
21881603
21881635
21881745
21881945
21882031
21882133
21882146
21882179
21882224
21882246
21882387
21882497
21882722
21882779
21882838
21882851
21882945
21882973
21883238
21883353
21883434
21883918
21884079
21884149
21884153
21884201
21884228
21884385
21884498
21884620
21884779
21885003
21885324
21885519
21885561
21885677
21886295
21886385
21886386
21886387
21886467
21886627
21886761
21886782
21886845
21886869
21887517
21887588
21887705
21887893
21887989
21888212
21888513
21888542
21888790
21889190
21889257
21889287
21889490
21890000
21890004
21890168
21890498
21891002
21891018
21891038
21891154
21891234
21891516
21891623
21891780
21891785
21891789
21891798
21892622
21892746
21893127
21893146
21894538
21894645
21894880
21894896
21894901
21894962
21895314
21895367
21895411
21895415
21895641
21895658
21895676
21895697
21895911
21895956
21896048
21896172
21896379
21896776
21896812
21896813
21896923
21896933
21897058
21897213
21897350
21897405
21897498
21897876
21897916
21897923
21898017
21898205
21898243
21898546
21898698
21899037
21899042
21899137
21899141
21901295
21901409
21901470
21901474
21901483
21901512
21901522
21901554
21901697
21901710
21901755
21901871
21901993
21902000
21902021
21902050
21902467
21902476
21902671
21902775
21902872
21902939
21902985
21903006
21903028
21903212
21903355
21903546
21903737
21904039
21904221
21904275
21904377
21904568
21904758
21904772
21904884
21905041
21905193
21905226
21905353
21905367
21905413
21905579
21905646
21905689
21905724
21905772
21905891
21905957
21905964
21906052
21906060
21906343
21906412
21906413
21906723
21907076
21907288
21907321
21907328
21907336
21907352
21907538
21907567
21907626
21907752
21907754
21907770
21907786
21907791
21907834
21907856
21907968
21908000
21908081
21908130
21908169
21908210
21908291
21908362
21908398
21908399
21908438
21908498
21908513
21908532
21908574
21908585
21908586
21908608
21908777
21908889
21909553
21909586
21909741
21909752
21909767
21909911
21910904
21911051
21911218
21911664
21911759
21911859
21913868
21914207
21914467
21914474
21914544
21914805
21914892
21914930
21915213
21915259
21915310
21915604
21915908
21916079
21916376
21916420
21916617
21916654
21916768
21917242
21917357
21917363
21917374
21917384
21917404
21917439
21917529
21917733
21917975
21918085
21918230
21918271
21918344
21918440
21918504
21918603
21918767
21919161
21919603
21920000
21920231
21920409
21920425
21920484
21920528
21920745
21921254
21921388
21921416
21921420
21921540
21921626
21921630
21921883
21921968
21921970
21922054
21922212
21922331
21922768
21922961
21923221
21923259
21923269
21923321
21923359
21923654
21923682
21923992
21923994
21924007
21924372
21924606
21924927
21924974
21925210
21925248
21925466
21925670
21925676
21925772
21925986
21926071
21926082
21926190
21926480
21926539
21926553
21926557
21926645
21926656
21926863
21926899
21927195
21927618
21927653
21927660
21927815
21928084
21928206
21928254
21928327
21928670
21929037
21929147
21929300
21929839
21929902
21930334
21930432
21930522
21930668
21930870
21930887
21931097
21931340
21931345
21931692
21931729
21931919
21932101
21932116
21932170
21932183
21932266
21932344
21932483
21932486
21932510
21932513
21932527
21932535
21932597
21932672
21932681
21932766
21932767
21932894
21932950
21933186
21933229
21933462
21933898
21933986
21934490
21934542
21934593
21934927
21934978
21934980
21935005
21935024
21935209
21935284
21935358
21935389
21935400
21935732
21935848
21936108
21936550
21936572
21936930
21936980
21937587
21937592
21937655
21937782
21937784
21937980
21938552
21938568
21938579
21938581
21940051
21940069
21940851
21941441
21942869
21943062
21943525
21943670
21943733
21943835
21943879
21944172
21944223
21944387
21944425
21944468
21944606
21944689
21945023
21945054
21945068
21945076
21945112
21945133
21945378
21945386
21945638
21946213
21946449
21946861
21946879
21947066
21947090
21947505
21947945
21948231
21948263
21948670
21948688
21948694
21948944
21948992
21949044
21949078
21949148
21949170
21949394
21949586
21949781
21949784
21949829
21949866
21949931
21949969
21949973
21949975
21950386
21950537
21950689
21950736
21950858
21951038
21951186
21951200
21951811
21951973
21952065
21952074
21952077
21952078
21952166
21952167
21952168
21952333
21952455
21952547
21952797
21952892
21953065
21953073
21953266
21953335
21953404
21954530
21954787
21955122
21955127
21955225
21955450
21955502
21955589
21955613
21955663
21955844
21956064
21956148
21956150
21956160
21956181
21956372
21956446
21956766
21956893
21957175
21957395
21957545
21957558
21957561
21957694
21957724
21957794
21958157
21958253
21958331
21958586
21958625
21958794
21958803
21958815
21958956
21958984
21959199
21959227
21959302
21959324
21959550
21959596
21959684
21959747
21959757
21959792
21959865
21959903
21960024
21960134
21960163
21960436
21960449
21960468
21960507
21960567
21960622
21960642
21960660
21960693
21960755
21960783
21960796
21960826
21960828
21960835
21960975
21960976
21960977
21961014
21961256
21961477
21961687
21961789
21961889
21962028
21962062
21962320
21962542
21962685
21962694
21962724
21962798
21963013
21963014
21963146
21963464
21964147
21964368
21964379
21964560
21964842
21964867
21964926
21965001
21965027
21965070
21965165
21965187
21965442
21965447
21965470
21965568
21965705
21965757
21965760
21966028
21966265
21966471
21966560
21966643
21967083
21967224
21967427
21967529
21967801
21967829
21967878
21967897
21967961
21967970
21968051
21968059
21968341
21968412
21968810
21968824
21969615
21969708
21969737
21969809
21969838
21969873
21970047
21970088
21970139
21970198
21970324
21970740
21970823
21970951
21970976
21971058
21971060
21971168
21971174
21971278
21971487
21972191
21972266
21972269
21972377
21972427
21972747
21973053
21973401
21973757
21973792
21973864
21974015
21974326
21974407
21974453
21974497
21974498
21974512
21974531
21974622
21974771
21974894
21974900
21975183
21975300
21975415
21975491
21975563
21975616
21975728
21976033
21976121
21976303
21976546
21977176
21977291
21977624
21977630
21977852
21978070
21978164
21978166
21978180
21978326
21978539
21978560
21979070
21979116
21979228
21979318
21979339
21979709
21979779
21979782
21979881
21979899
21979954
21979957
21979958
21980116
21980117
21980123
21980124
21980128
21980129
21980130
21980171
21980268
21980301
21980302
21980356
21980381
21980391
21980736
21980855
21980859
21980865
21980880
21980884
21980886
21980887
21981392
21981568
21981774
21981822
21981857
21981890
21981902
21982006
21982162
21982247
21982460
21982822
21982833
21982883
21982942
21983305
21983645
21983957
21984058
21984153
21984336
21984505
21984651
21984828
21985005
21985033
21985051
21985059
21985344
21985639
21985644
21985877
21985896
21985907
21985943
21986089
21986136
21986219
21986226
21986314
21986403
21986530
21986627
21986923
21987075
21987118
21987582
21987672
21987748
21987826
21987878
21988000
21988196
21988216
21988219
21988453
21988489
21988574
21988725
21988796
21988883
21989002
21989093
21989244
21989294
21989332
21989476
21989656
21989729
21989733
21989782
21989855
21989904
21989919
21989998
21990005
21990055
21990213
21990291
21990471
21990560
21990582
21991229
21991239
21991302
21991346
21991357
21991433
21991792
21991875
21991889
21991957
21991997
21992025
21992050
21992051
21992069
21992225
21992305
21992307
21992338
21992457
21992497
21992538
21992742
21992745
21993425
21993457
21993632
21993644
21993677
21993732
21993987
21994061
21994311
21994347
21994380
21994425
21994716
21994957
21995006
21995029
21995327
21995666
21996428
21996775
21997102
21997227
21997526
21997614
21997757
21997978
21998015
21998090
21998135
21998291
21998304
21998454
21998458
21998577
21998626
21999302
21999306
21999312
21999559
21999638
21999759
21999861
21999964
22000053
22000218
22000519
22000553
22000759
22000798
22000847
22000890
22000953
22001118
22001222
22001373
22001626
22001649
22001689
22001716
22001768
22001778
22001795
22001800
22001804
22002019
22002036
22002088
22002352
22002408
22002426
22002463
22002646
22002856
22002905
22003049
22003161
22003196
22003220
22003290
22003355
22003616
22003706
22003926
22004028
22004040
22004136
22004273
22004274
22004335
22004353
22004614
22004669
22004683
22004822
22004843
22005112
22005205
22005500
22005537
22005566
22005626
22005656
22005676
22005940
22006018
22006110
22006191
22006194
22006417
22006427
22006432
22006453
22006456
22006476
22006520
22006546
22006846
22006966
22007067
22007093
22007108
22007288
22007529
22007549
22007947
22007973
22008019
22008021
22008262
22008318
22008563
22008817
22008859
22008871
22008900
22008962
22009135
22009261
22009304
22009330
22009350
22009415
22009423
22009494
22009564
22009573
22009799
22009876
22010181
22010239
22010260
22010327
22010332
22010488
22010572
22010665
22010675
22010688
22010761
22010859
22011092
22011415
22011593
22012335
22012819
22013016
22013024
22013283
22013381
22013404
22013514
22013542
22013607
22013621
22013663
22013913
22014044
22014129
22014268
22014279
22014350
22014372
22014463
22014483
22014588
22014758
22014762
22014793
22014846
22014852
22014891
22015419
22015479
22015560
22015593
22016084
22016225
22016355
22016472
22016514
22016551
22016757
22016806
22016884
22016892
22017036
22017038
22017191
22017193
22017317
22017328
22017405
22017749
22017821
22017968
22017971
22017994
22017996
22018165
22018230
22018285
22018335
22018509
22018740
22018781
22018828
22018852
22019061
22019186
22019397
22019653
22019741
22019804
22019870
22020164
22020257
22020264
22020293
22020309
22020504
22020815
22020821
22020875
22021334
22021402
22021473
22021673
22021701
22022035
22022082
22022572
22022617
22022652
22022681
22022778
22022784
22022791
22022879
22022957
22023334
22023438
22023472
22023517
22023615
22024526
22024874
22024985
22025657
22025861
22026345
22026459
22026461
22027171
22027175
22027189
22028035
22028151
22028801
22029400
22029402
22029475
22029838
22030197
22030652
22030721
22031009
22031155
22031229
22031279
22031470
22031612
22031778
22031822
22032055
22032206
22032438
22032445
22032632
22032747
22033191
22033549
22034479
22034531
22034811
22035429
22036408
22036711
22036731
22037067
22037070
22037148
22037160
22037227
22037264
22037284
22037330
22038476
22038560
22038728
22039214
22039230
22039324
22039367
22039441
22039556
22039777
22040203
22040448
22040522
22040675
22040989
22040996
22041315
22041583
22041695
22041788
22041825
22041883
22041963
22042036
22042107
22042554
22042641
22042643
22042646
22042691
22042959
22042989
22043010
22043628
22044169
22044316
22044502
22045253
22045404
22045413
22045596
22045666
22045914
22046208
22046220
22046262
22046280
22046311
22046481
22046600
22046889
22047010
22047097
22047110
22047213
22047307
22047486
22047616
22047656
22047854
22048158
22048278
22048429
22048622
22048663
22048742
22048865
22049198
22049655
22050210
22050335
22050348
22050357
22050448
22050504
22050691
22050770
22050894
22050934
22050977
22051039
22051195
22051295
22051408
22051471
22051790
22051799
22051923
22051939
22051942
22051950
22052071
22052238
22052449
22052933
22052972
22053294
22053315
22053724
22053850
22053896
22054449
22055347
22055376
22055447
22055632
22055654
22055820
22055995
22056009
22056210
22056250
22056344
22056372
22056815
22057791
22057872
22058127
22058349
22058396
22058535
22058550
22059012
22059059
22059082
22059273
22059407
22059440
22059446
22059787
22060062
22060315
22060340
22060963
22061029
22061031
22061173
22061268
22061558
22062132
22062218
22062378
22062379
22062397
22062506
22062617
22062841
22062860
22063152
22063219
22063482
22063617
22063686
22063724
22064024
22064248
22064302
22064366
22064369
22064506
22064556
22064913
22064934
22065132
22065173
22065511
22065575
22065668
22065732
22065734
22065982
22066091
22066194
22066457
22066604
22066644
22066690
22066810
22066829
22066845
22066853
22066877
22066904
22066908
22066924
22066940
22066953
22067253
22067383
22067505
22068000
22068162
22068418
22068470
22069305
22069818
22069936
22070321
22070455
22070478
22070506
22070515
22070588
22070880
22070913
22070935
22071070
22071072
22071151
22071221
22071226
22071288
22071346
22071502
22071602
22071657
22071677
22071693
22071729
22071746
22071837
22071845
22072005
22072142
22072148
22072181
22072395
22072429
22072446
22072452
22072591
22072688
22073120
22073302
22073315
22073365
22073586
22073768
22074281
22074475
22074633
22074743
22075274
22075276
22075634
22075915
22076021
22076158
22076500
22076611
22076629
22076923
22077023
22077027
22077130
22077167
22077168
22077169
22077341
22077350
22077362
22077426
22077516
22077643
22077707
22077731
22077785
22077849
22077869
22078052
22078076
22078157
22078388
22078630
22079355
22079821
22079929
22080142
22080165
22080220
22080431
22081212
22081937
22081959
22081999
22082000
22082056
22082099
22082103
22082118
22082183
22082200
22082242
22082342
22082563
22082575
22082702
22082802
22082822
22082830
22082959
22082965
22082983
22083024
22083026
22083057
22083077
22083196
22083223
22083250
22083812
22083831
22084586
22084614
22084642
22084730
22085161
22085230
22085463
22085517
22086258
22086331
22086340
22086479
22086807
22086881
22086930
22087061
22087588
22087589
22087607
22087625
22087641
22087669
22087686
22087750
22087755
22087977
22087979
22088110
22088178
22088194
22088220
22088463
22088749
22088782
22089185
22089392
22089465
22089781
22089865
22090064
22090101
22090478
22090503
22090606
22090616
22090618
22090673
22090784
22090928
22091138
22091204
22091235
22091398
22091404
22091541
22091725
22092027
22092049
22092215
22092356
22092357
22092387
22092402
22092628
22092657
22092722
22092948
22092997
22093359
22093411
22093464
22093793
22093821
22093893
22094080
22094684
22095301
22095329
22095489
22095579
22095617
22095753
22095793
22095830
22095849
22095956
22095980
22096579
22096613
22096638
22096879
22097221
22097472
22097813
22098308
22098464
22098638
22098888
22099212
22099269
22099276
22099322
22099360
22099615
22099617
22099941
22099979
22100000
22100186
22100188
22100311
22100312
22100313
22100319
22100322
22100323
22100324
22100329
22100330
22100331
22100332
22100336
22100380
22100414
22100421
22100702
22100752
22100984
22100998
22101236
22101260
22101392
22101505
22101537
22101563
22101605
22101850
22101885
22102069
22102117
22102118
22102142
22102350
22102351
22102352
22102353
22102419
22102420
22102467
22102516
22102625
22102709
22102758
22102893
22103132
22103170
22103266
22103657
22103795
22103863
22104292
22104357
22104715
22104724
22104839
22105021
22105155
22105232
22105341
22105421
22105584
22106265
22106427
22106805
22106828
22107261
22107367
22107652
22107941
22108329
22108465
22108696
22108807
22108948
22109082
22109087
22109265
22109685
22109718
22109720
22109855
22109872
22110039
22110242
22110635
22111090
22111334
22111429
22111469
22111626
22111647
22111695
22111834
22111887
22112285
22112287
22112301
22112317
22112432
22112543
22112630
22112708
22112820
22112930
22112950
22113290
22113321
22113480
22113868
22113885
22114092
22114405
22114406
22114555
22114603
22114730
22114744
22114921
22115059
22115287
22115407
22115781
22116008
22116047
22116089
22116322
22116597
22117006
22117014
22117019
22117091
22117260
22117493
22117516
22117542
22118036
22118052
22118393
22118577
22118846
22118915
22119329
22120320
22120828
22121110
22121137
22121140
22121500
22121572
22121800
22122284
22122459
22122476
22122493
22122534
22122648
22122649
22122651
22122668
22122669
22122670
22122682
22122694
22122714
22122730
22122766
22122889
22123325
22123452
22123453
22123536
22123842
22124135
22124270
22124300
22124309
22124381
22124529
22124530
22124546
22124587
22124606
22124972
22124976
22125105
22125626
22125673
22125843
22125918
22125973
22126358
22126641
22126755
22127133
22128970
22129421
22129520
22129837
22130015
22130114
22130868
22131245
22131961
22131981
22132025
22132056
22132124
22132322
22132691
22132998
22133114
22133168
22133274
22133384
22133572
22133573
22133574
22133600
22133644
22134032
22134073
22134262
22134541
22134679
22134768
22135096
22135100
22135210
22135515
22135720
22135722
22135862
22136326
22136377
22136461
22136530
22136750
22136811
22136978
22137161
22137332
22137596
22137769
22138175
22138364
22138466
22138672
22139639
22140091
22140294
22140343
22140944
22141010
22141312
22141701
22141712
22142087
22142374
22142375
22142445
22143053
22143061
22143167
22143264
22145029
22145233
22145905
22145951
22146101
22146727
22146818
22147047
22147262
22147265
22147282
22147599
22147864
22148162
22148602
22148654
22148992
22149032
22149084
22149153
22149196
22149378
22149628
22149752
22149779
22150258
22150530
22150650
22150692
22151039
22151934
22152030
22152384
22152571
22152717
22152819
22152902
22152924
22152927
22152993
22153032
22153103
22153138
22153293
22153320
22153375
22153411
22153529
22153548
22154022
22154039
22154720
22154741
22154747
22154984
22155177
22155675
22155979
22156512
22157000
22158103
22158331
22158434
22158548
22158912
22159097
22159101
22159323
22159343
22159491
22159573
22159850
22160495
22160792
22161207
22161221
22161225
22161482
22161793
22161900
22161924
22161974
22161983
22163007
22163334
22163506
22163769
22164287
22164419
22164456
22164460
22164634
22164832
22165130
22165219
22165469
22165662
22166531
22166780
22166890
22166894
22166950
22166985
22167017
22167140
22167852
22167940
22168434
22169007
22169008
22169771
22170291
22170356
22170478
22170638
22171219
22173111
22173126
22173164
22173384
22173405
22173563
22174219
22174523
22174786
22174969
22175065
22175936
22176173
22176635
22177835
22177977
22179060
22179657
22180096
22180222
22180319
22182225
22182678
22183344
22183542
22183549
22184083
22184298
22185046
22185062
22185847
22186316
22186433
22186670
22188737
22188738
22189047
22189705
22190684
22190932
22191228
22191994
22192581
22193937
22196471
22196728
22196769
22197521
22197728
22199040
22199059
22200055
22200144
22203285
22203432
22203458
22203486
22203676
22205241
22207439
22209183
22209185
22209426
22209827
22212237
22212396
22215356
22215617
6340689
8588171
9481937
